name: tharm
channels:
  - conda-forge
  - defaults
dependencies:
  - asttokens=2.4.1=pyhd8ed1ab_0
  - bzip2=1.0.8=h2bbff1b_6
  - ca-certificates=2024.7.4=h56e8100_0
  - colorama=0.4.6=pyhd8ed1ab_0
  - comm=0.2.2=pyhd8ed1ab_0
  - debugpy=1.8.5=py310h9e98ed7_0
  - decorator=5.1.1=pyhd8ed1ab_0
  - exceptiongroup=1.2.2=pyhd8ed1ab_0
  - executing=2.0.1=pyhd8ed1ab_0
  - importlib-metadata=8.2.0=pyha770c72_0
  - importlib_metadata=8.2.0=hd8ed1ab_0
  - ipykernel=6.29.5=pyh4bbf305_0
  - ipython=8.26.0=pyh7428d3b_0
  - jedi=0.19.1=pyhd8ed1ab_0
  - jupyter_client=8.6.2=pyhd8ed1ab_0
  - jupyter_core=5.7.2=py310h5588dad_0
  - krb5=1.21.3=hdf4eb48_0
  - libffi=3.4.4=hd77b12b_1
  - libsodium=1.0.18=h8d14728_1
  - matplotlib-inline=0.1.7=pyhd8ed1ab_0
  - nest-asyncio=1.6.0=pyhd8ed1ab_0
  - openssl=3.3.1=h2466b09_2
  - packaging=24.1=pyhd8ed1ab_0
  - parso=0.8.4=pyhd8ed1ab_0
  - pickleshare=0.7.5=py_1003
  - platformdirs=4.2.2=pyhd8ed1ab_0
  - prompt-toolkit=3.0.47=pyha770c72_0
  - psutil=6.0.0=py310ha8f682b_0
  - pure_eval=0.2.3=pyhd8ed1ab_0
  - pygments=2.18.0=pyhd8ed1ab_0
  - python=3.10.14=he1021f5_1
  - python-dateutil=2.9.0=pyhd8ed1ab_0
  - python_abi=3.10=2_cp310
  - pywin32=306=py310h00ffb61_2
  - pyzmq=26.1.0=py310h656833d_0
  - setuptools=72.1.0=py310haa95532_0
  - six=1.16.0=pyh6c4a22f_0
  - sqlite=3.45.3=h2bbff1b_0
  - stack_data=0.6.2=pyhd8ed1ab_0
  - tk=8.6.14=h0416ee5_0
  - tornado=6.4.1=py310ha8f682b_0
  - traitlets=5.14.3=pyhd8ed1ab_0
  - typing_extensions=4.12.2=pyha770c72_0
  - ucrt=10.0.22621.0=h57928b3_0
  - vc=14.2=h2eaa2aa_4
  - vc14_runtime=14.40.33810=ha82c5b3_20
  - vs2015_runtime=14.40.33810=h3bf8584_20
  - wcwidth=0.2.13=pyhd8ed1ab_0
  - wheel=0.43.0=py310haa95532_0
  - xz=5.4.6=h8cc25b3_1
  - zeromq=4.3.5=he1f189c_4
  - zipp=3.19.2=pyhd8ed1ab_0
  - zlib=1.2.13=h8cc25b3_1
  - pip:
      - absl-py==2.1.0
      - aiohappyeyeballs==2.4.0
      - aiohttp==3.10.5
      - aiosignal==1.3.1
      - annotated-types==0.7.0
      - anyio==4.4.0
      - astunparse==1.6.3
      - async-timeout==4.0.3
      - beautifulsoup4==4.12.3
      - click==8.1.7
      - et-xmlfile==1.1.0
      - fastapi==0.114.0
      - filelock==3.15.4
      - firebase==4.0.1
      - flatbuffers==24.3.25
      - frozenlist==1.4.1
      - fsspec==2024.6.1
      - gast==0.6.0
      - google-pasta==0.2.0
      - h11==0.14.0
      - h5py==3.11.0
      - httpcore==1.0.5
      - httpx==0.27.2
      - huggingface-hub==0.24.5
      - itsdangerous==2.2.0
      - jinja2==3.1.4
      - joblib==1.4.2
      - keras==3.4.1
      - libclang==18.1.1
      - markdown==3.6
      - markdown-it-py==3.0.0
      - markupsafe==2.1.5
      - mdurl==0.1.2
      - ml-dtypes==0.4.0
      - mpmath==1.3.0
      - multidict==6.0.5
      - namex==0.0.8
      - natsort==8.4.0
      - networkx==3.3
      - numpy==1.26.4
      - opencv-python==4.10.0.84
      - openpyxl==3.1.5
      - opt-einsum==3.3.0
      - optree==0.12.1
      - pandas==2.2.2
      - passlib==1.7.4
      - pillow==10.4.0
      - pip==24.2
      - pydantic==2.9.0
      - pydantic-core==2.23.2
      - python-vimeo==0.1.0
      - pytz==2024.1
      - pyvimeo==1.1.2
      - pyyaml==6.0.2
      - regex==2024.7.24
      - rich==13.7.1
      - safetensors==0.4.4
      - scikit-learn==1.5.1
      - scipy==1.14.0
      - sniffio==1.3.1
      - soupsieve==2.6
      - starlette==0.38.5
      - sympy==1.13.1
      - tensorboard==2.17.0
      - tensorboard-data-server==0.7.2
      - tensorflow==2.17.0
      - tensorflow-intel==2.17.0
      - tensorflow-io-gcs-filesystem==0.31.0
      - termcolor==2.4.0
      - tf-keras==2.17.0
      - threadpoolctl==3.5.0
      - tinydb==4.8.0
      - tokenizers==0.19.1
      - torch==2.4.0
      - tqdm==4.66.5
      - transformers==4.44.0
      - tuspy==1.0.3
      - tzdata==2024.1
      - uvicorn==0.30.6
      - werkzeug==3.0.3
      - wrapt==1.16.0
      - yarl==1.9.7
prefix: C:\Users\NEULET\anaconda3\envs\tharm
